<?xml version="1.0"?>
<opencv_storage>
<cameraMatrix_1 type_id="opencv-matrix">
  <rows>3</rows>
  <cols>3</cols>
  <dt>d</dt>
  <data>
    5.3745757456147066e+02 0. 3.3548759097598111e+02 0.
    5.3649217063748881e+02 2.4218360882801835e+02 0. 0. 1.</data></cameraMatrix_1>
<distCoeffs_1 type_id="opencv-matrix">
  <rows>1</rows>
  <cols>5</cols>
  <dt>d</dt>
  <data>
    -3.0856430599618406e-01 1.7914226007296921e-01
    -8.3390954505747927e-04 -4.1650370450440521e-04
    -9.7263265714719452e-02</data></distCoeffs_1>
<cameraMatrix_2 type_id="opencv-matrix">
  <rows>3</rows>
  <cols>3</cols>
  <dt>d</dt>
  <data>
    5.3745757456147066e+02 0. 3.3617500363197593e+02 0.
    5.3649217063748881e+02 2.4170735265623392e+02 0. 0. 1.</data></cameraMatrix_2>
<distCoeffs_2 type_id="opencv-matrix">
  <rows>1</rows>
  <cols>5</cols>
  <dt>d</dt>
  <data>
    -2.9540617301703737e-01 6.6968031395101157e-02
    1.7838126679439728e-03 -1.1183775005979596e-03
    1.1329440894034855e-01</data></distCoeffs_2>
<rotation type_id="opencv-matrix">
  <rows>3</rows>
  <cols>3</cols>
  <dt>d</dt>
  <data>
    9.9973479462062709e-01 -4.4810739015339884e-03
    2.2588944232556519e-02 4.9370194414281050e-03 9.9978439007045594e-01
    -2.0169264004456778e-02 -2.2493693869338544e-02
    2.0275437063982268e-02 9.9954136502096647e-01</data></rotation>
<translation type_id="opencv-matrix">
  <rows>3</rows>
  <cols>1</cols>
  <dt>d</dt>
  <data>
    3.3317151243882770e+00 -2.9851445879964637e-02
    4.3815895411580458e-02</data></translation>
<essential type_id="opencv-matrix">
  <rows>3</rows>
  <cols>3</cols>
  <dt>d</dt>
  <data>
    4.5514935769049871e-04 -4.4411699381665955e-02
    -2.8954020600561525e-02 1.1874685526825035e-01
    -6.7748322585053533e-02 -3.3291973284741054e+00
    4.6292271458340195e-02 3.3308630069899912e+00
    -6.6523929285185024e-02</data></essential>
<fundamental type_id="opencv-matrix">
  <rows>3</rows>
  <cols>3</cols>
  <dt>d</dt>
  <data>
    -2.1361260699455987e-08 2.0880992485259759e-06
    2.3180458340820410e-04 -5.5831058640556620e-06
    3.1910461994397859e-06 8.5227644420610441e-02 1.8897406455226895e-04
    -8.5642757857935542e-02 1.</data></fundamental>
</opencv_storage>
