<?xml version="1.0"?>
<opencv_storage>
<cameraMatrix type_id="opencv-matrix">
  <rows>3</rows>
  <cols>3</cols>
  <dt>d</dt>
  <data>
    1.4017555929370444e+03 0. 3.8489125892571343e+02 0.
    1.3595816380861347e+03 1.3356853845071907e+02 0. 0. 1.</data></cameraMatrix>
<distCoeffs type_id="opencv-matrix">
  <rows>1</rows>
  <cols>5</cols>
  <dt>d</dt>
  <data>
    1.4920927689665735e+00 -3.5601858934938797e+01
    3.2154451676500474e-02 5.6807974298657304e-02 1.3433939351087346e+02</data></distCoeffs>
</opencv_storage>
