<?xml version="1.0"?>
<opencv_storage>
<cameraMatrix type_id="opencv-matrix">
  <rows>3</rows>
  <cols>3</cols>
  <dt>d</dt>
  <data>
    1.4177971378526165e+03 0. 2.4511278360451234e+02 0.
    1.3829499764576624e+03 1.4013558898373472e+02 0. 0. 1.</data></cameraMatrix>
<distCoeffs type_id="opencv-matrix">
  <rows>1</rows>
  <cols>5</cols>
  <dt>d</dt>
  <data>
    5.4953077612911871e-01 -1.9179258917320166e+01
    6.4398430180834854e-02 -2.2761318157524114e-02
    9.0413143952885093e+01</data></distCoeffs>
</opencv_storage>
