<?xml version="1.0"?>
<opencv_storage>
<cameraMatrix type_id="opencv-matrix">
  <rows>3</rows>
  <cols>3</cols>
  <dt>d</dt>
  <data>
    9.4454256301461601e+02 0. 3.1034294763022518e+02 0.
    9.3763460447256875e+02 1.7168415194768474e+02 0. 0. 1.</data></cameraMatrix>
<distCoeffs type_id="opencv-matrix">
  <rows>1</rows>
  <cols>5</cols>
  <dt>d</dt>
  <data>
    -1.3365411676218547e-02 -3.8615987684526745e-02
    1.4586365731469745e-02 9.5632589649472174e-03
    -1.2020199653951998e+01</data></distCoeffs>
</opencv_storage>
