<?xml version="1.0"?>
<opencv_storage>
<cameraMatrix type_id="opencv-matrix">
  <rows>3</rows>
  <cols>3</cols>
  <dt>d</dt>
  <data>
    5.6858391682099398e+02 0. 2.6360533205449264e+02 0.
    5.6586453614064601e+02 2.3139281128909121e+02 0. 0. 1.</data></cameraMatrix>
<distCoeffs type_id="opencv-matrix">
  <rows>1</rows>
  <cols>5</cols>
  <dt>d</dt>
  <data>
    1.7664034240885379e-01 -4.7319673555970301e+00
    7.4594764570799360e-03 -9.7417282043119786e-03
    2.3065291042586679e+01</data></distCoeffs>
</opencv_storage>
